Beta [1,*,*] (tr)
:      1           2          3        :=
1   0.745057   0.0651826   0.18976
2   0.558453   0.313424    0.128123
3   0.35859    0.3648      0.27661
4   0.177302   0.6591      0.163598
5   0.640745   0.228281    0.130973
6   0.586161   0.198896    0.214943
7   0.217203   0.567614    0.215182
8   0.304567   0.315894    0.379538

 [2,*,*] (tr)
:      1          2          3        :=
1   0.101863   0.732833   0.165304
2   0.134261   0.723515   0.142224
3   0.352461   0.406734   0.240806
4   0.33524    0.360217   0.304543
5   0.229895   0.631188   0.138916
6   0.127157   0.687803   0.18504
7   0.249141   0.378811   0.372047
8   0.291789   0.428476   0.279735

 [3,*,*] (tr)
:      1          2          3        :=
1   0.190162   0.110481   0.699357
2   0.154187   0.332931   0.512882
3   0.320838   0.341519   0.337644
4   0.221564   0.551033   0.227403
5   0.222198   0.255221   0.522581
6   0.203172   0.246746   0.550082
7   0.205506   0.546171   0.248322
8   0.318856   0.467651   0.213493
;



:      d    a     :=
1 1    91   16
1 2    74   37
1 3    59   21
1 4    67   15
1 5    64   41
1 6    63   44
1 7    31   15
1 8    37    5
2 1   176   12
2 2   130   31
2 3   116   20
2 4   106   10
2 5   137   56
2 6    82   46
2 7    35    6
2 8    58    0
3 1    50   18
3 2    49   38
3 3    30   22
3 4    37   10
3 5    47   28
3 6    32   37
3 7     7   11
3 8    23    7

